   0.0000000000000000e+00   2.7488899999999999e-01   0.0000000000000000e+00
   5.0070000000008719e-03   2.7488899999999999e-01   0.0000000000000000e+00
   9.9999999999997868e-03   2.7488899999999999e-01   0.0000000000000000e+00
   1.5000999999999820e-02   2.7488899999999999e-01   0.0000000000000000e+00
   2.0001000000000602e-02   2.7488899999999999e-01   0.0000000000000000e+00
   2.5007000000000446e-02   2.7379900000000001e-01   0.0000000000000000e+00
   3.0000000000001137e-02   2.7379900000000001e-01   0.0000000000000000e+00
   3.5007000000000232e-02   2.7270800000000001e-01   0.0000000000000000e+00
   4.0000000000000924e-02   2.7161700000000000e-01   0.0000000000000000e+00
   4.5007000000000019e-02   2.6943499999999998e-01   0.0000000000000000e+00
   5.0000000000000711e-02   2.6725399999999999e-01   0.0000000000000000e+00
   5.5006999999999806e-02   2.6507199999999997e-01   0.0000000000000000e+00
   6.0000000000000497e-02   2.6179900000000000e-01   3.1419999999999998e-03
   6.5006999999999593e-02   2.5852700000000001e-01   3.1419999999999998e-03
   7.0000000000000284e-02   2.5525399999999998e-01   3.1419999999999998e-03
   7.5007000000001156e-02   2.5089099999999998e-01   3.1419999999999998e-03
   8.0000000000000071e-02   2.4652800000000000e-01   3.1419999999999998e-03
   8.5001000000000104e-02   2.4216399999999999e-01   3.1419999999999998e-03
   9.0001000000000886e-02   2.3780100000000001e-01   3.1419999999999998e-03
   9.5007000000000730e-02   2.3234700000000000e-01   3.1419999999999998e-03
   9.9999999999999645e-02   2.2689300000000001e-01   3.1419999999999998e-03
   1.0500099999999968e-01   2.2143900000000000e-01   3.1419999999999998e-03
   1.1000100000000046e-01   2.1598400000000001e-01   3.1419999999999998e-03
   1.1500700000000030e-01   2.0943999999999999e-01   6.2830000000000004e-03
   1.2000000000000099e-01   2.0289499999999999e-01   6.2830000000000004e-03
   1.2500700000000009e-01   1.9635000000000000e-01   6.2830000000000004e-03
   1.3000000000000078e-01   1.8871399999999999e-01   6.2830000000000004e-03
   1.3500800000000091e-01   1.8107799999999999e-01   6.2830000000000004e-03
   1.4000000000000057e-01   1.7453299999999999e-01   6.2830000000000004e-03
   1.4500699999999966e-01   1.6689699999999999e-01   6.2830000000000004e-03
   1.5000000000000036e-01   1.5817000000000001e-01   6.2830000000000004e-03
   1.5500800000000048e-01   1.5053500000000000e-01   6.2830000000000004e-03
   1.6000000000000014e-01   1.4180799999999999e-01   6.2830000000000004e-03
   1.6500800000000027e-01   1.3308100000000000e-01   6.2830000000000004e-03
   1.7000100000000096e-01   1.2435499999999999e-01   6.2830000000000004e-03
   1.7500800000000005e-01   1.1562799999999999e-01   6.2830000000000004e-03
   1.8000100000000074e-01   1.0690100000000000e-01   6.2830000000000004e-03
   1.8500799999999984e-01   9.8174999999999998e-02   6.2830000000000004e-03
   1.8999999999999950e-01   8.9448000000000000e-02   6.2830000000000004e-03
   1.9500200000000056e-01   7.9630999999999993e-02   6.2830000000000004e-03
   2.0000199999999957e-01   7.0903999999999995e-02   6.2830000000000004e-03
   2.0500800000000119e-01   6.1087000000000002e-02   6.2830000000000004e-03
   2.1000100000000010e-01   5.1269000000000002e-02   6.2830000000000004e-03
   2.1500200000000014e-01   4.1452000000000003e-02   3.1419999999999998e-03
   2.2000200000000092e-01   3.2724999999999997e-02   3.1419999999999998e-03
   2.2500699999999973e-01   2.2907000000000000e-02   3.1419999999999998e-03
   2.3000099999999968e-01   1.3089999999999999e-02   3.1419999999999998e-03
   2.3500800000000055e-01   3.2720000000000002e-03   3.1419999999999998e-03
   2.4000099999999946e-01  -6.5449999999999996e-03   3.1419999999999998e-03
   2.4500800000000034e-01  -1.5272000000000001e-02   3.1419999999999998e-03
   2.5000100000000103e-01  -2.5089000000000000e-02   3.1419999999999998e-03
   2.5500800000000012e-01  -3.3815999999999999e-02   3.1419999999999998e-03
   2.6000100000000081e-01  -4.3632999999999998e-02   3.1419999999999998e-03
   2.6500799999999991e-01  -5.2359999999999997e-02   3.1419999999999998e-03
   2.7000100000000060e-01  -6.2177000000000003e-02   3.1419999999999998e-03
   2.7500799999999970e-01  -7.0903999999999995e-02   3.1419999999999998e-03
   2.8000100000000039e-01  -7.9630999999999993e-02   3.1419999999999998e-03
   2.8500799999999948e-01  -8.8357000000000005e-02   3.1419999999999998e-03
   2.9000100000000018e-01  -9.7084000000000004e-02   3.1419999999999998e-03
   2.9500200000000021e-01  -1.0471999999999999e-01   3.1419999999999998e-03
   3.0000200000000099e-01  -1.1344600000000001e-01   3.1419999999999998e-03
   3.0500800000000083e-01  -1.2108200000000000e-01   3.1419999999999998e-03
   3.1000099999999975e-01  -1.2871800000000000e-01   3.1419999999999998e-03
   3.1500199999999978e-01  -1.3635400000000000e-01   3.1419999999999998e-03
   3.2000200000000056e-01  -1.4399000000000001e-01   3.1419999999999998e-03
   3.2500800000000041e-01  -1.5053500000000000e-01   3.1419999999999998e-03
   3.3000100000000110e-01  -1.5817000000000001e-01   3.1419999999999998e-03
   3.3500200000000113e-01  -1.6471500000000000e-01   0.0000000000000000e+00
   3.4000200000000014e-01  -1.7126000000000000e-01   0.0000000000000000e+00
   3.4500799999999998e-01  -1.7671500000000001e-01   0.0000000000000000e+00
   3.5000100000000067e-01  -1.8216900000000000e-01   0.0000000000000000e+00
   3.5500200000000071e-01  -1.8762300000000001e-01   0.0000000000000000e+00
   3.6000199999999971e-01  -1.9307700000000000e-01   0.0000000000000000e+00
   3.6500799999999956e-01  -1.9853100000000001e-01   0.0000000000000000e+00
   3.7000100000000025e-01  -2.0289499999999999e-01   0.0000000000000000e+00
   3.7500200000000028e-01  -2.0725800000000000e-01   0.0000000000000000e+00
   3.8000300000000031e-01  -2.1052999999999999e-01   0.0000000000000000e+00
   3.8500800000000091e-01  -2.1489400000000000e-01   0.0000000000000000e+00
   3.9000099999999982e-01  -2.1816600000000000e-01   0.0000000000000000e+00
   3.9500800000000069e-01  -2.2034799999999999e-01   0.0000000000000000e+00
   4.0000099999999961e-01  -2.2362000000000001e-01   0.0000000000000000e+00
   4.0500800000000048e-01  -2.2580200000000000e-01  -3.1419999999999998e-03
   4.1000200000000042e-01  -2.2798399999999999e-01  -3.1419999999999998e-03
   4.1500300000000045e-01  -2.2907400000000000e-01  -3.1419999999999998e-03
   4.2000299999999946e-01  -2.3016500000000001e-01  -3.1419999999999998e-03
   4.2500800000000005e-01  -2.3125599999999999e-01  -3.1419999999999998e-03
   4.3000100000000074e-01  -2.3234700000000000e-01  -3.1419999999999998e-03
   4.3500900000000087e-01  -2.3234700000000000e-01  -3.1419999999999998e-03
   4.4000100000000053e-01  -2.3234700000000000e-01  -3.1419999999999998e-03
   4.4500900000000065e-01  -2.3125599999999999e-01  -3.1419999999999998e-03
   4.5000100000000032e-01  -2.3125599999999999e-01  -3.1419999999999998e-03
   4.5500800000000119e-01  -2.3016500000000001e-01  -3.1419999999999998e-03
   4.6000200000000113e-01  -2.2798399999999999e-01  -3.1419999999999998e-03
   4.6500900000000023e-01  -2.2689300000000001e-01  -3.1419999999999998e-03
   4.7000200000000092e-01  -2.2471099999999999e-01  -3.1419999999999998e-03
   4.7500900000000001e-01  -2.2143900000000000e-01  -3.1419999999999998e-03
   4.8000200000000071e-01  -2.1925700000000001e-01  -3.1419999999999998e-03
   4.8500899999999980e-01  -2.1598400000000001e-01  -3.1419999999999998e-03
   4.9000200000000049e-01  -2.1271200000000001e-01  -3.1419999999999998e-03
   4.9500899999999959e-01  -2.0834900000000001e-01  -3.1419999999999998e-03
   5.0000200000000028e-01  -2.0507600000000001e-01  -3.1419999999999998e-03
   5.0500900000000115e-01  -2.0071300000000000e-01  -3.1419999999999998e-03
   5.1000200000000007e-01  -1.9525899999999999e-01  -3.1419999999999998e-03
   5.1500900000000094e-01  -1.9089500000000001e-01  -3.1419999999999998e-03
   5.2000199999999985e-01  -1.8544099999999999e-01  -3.1419999999999998e-03
   5.2500900000000073e-01  -1.7998700000000001e-01  -3.1419999999999998e-03
   5.3000199999999964e-01  -1.7453299999999999e-01  -3.1419999999999998e-03
   5.3500900000000051e-01  -1.6907900000000001e-01  -3.1419999999999998e-03
   5.4000199999999943e-01  -1.6253400000000001e-01  -3.1419999999999998e-03
   5.4500900000000030e-01  -1.5598899999999999e-01  -3.1419999999999998e-03
   5.5000200000000099e-01  -1.4944399999999999e-01  -3.1419999999999998e-03
   5.5500900000000009e-01  -1.4289900000000000e-01  -3.1419999999999998e-03
   5.6000200000000078e-01  -1.3635400000000000e-01  -3.1419999999999998e-03
   5.6500899999999987e-01  -1.2871800000000000e-01  -3.1419999999999998e-03
   5.7000200000000056e-01  -1.2108200000000000e-01  -3.1419999999999998e-03
   5.7500300000000060e-01  -1.1453700000000000e-01  -3.1419999999999998e-03
   5.8000299999999960e-01  -1.0690100000000000e-01  -3.1419999999999998e-03
   5.8500899999999945e-01  -9.9265999999999993e-02  -3.1419999999999998e-03
   5.9000200000000014e-01  -9.0538999999999994e-02  -3.1419999999999998e-03
   5.9500900000000101e-01  -8.2903000000000004e-02  -3.1419999999999998e-03
   6.0000199999999992e-01  -7.5267000000000001e-02  -3.1419999999999998e-03
   6.0501000000000005e-01  -6.6541000000000003e-02  -3.1419999999999998e-03
   6.1000300000000074e-01  -5.8904999999999999e-02  -3.1419999999999998e-03
   6.1500400000000077e-01  -5.0178000000000000e-02  -3.1419999999999998e-03
   6.2000399999999978e-01  -4.1452000000000003e-02  -3.1419999999999998e-03
   6.2500999999999962e-01  -3.3815999999999999e-02  -3.1419999999999998e-03
   6.3000200000000106e-01  -2.5089000000000000e-02  -3.1419999999999998e-03
   6.3500900000000016e-01  -1.6362000000000002e-02  -3.1419999999999998e-03
   6.4000300000000010e-01  -8.7270000000000004e-03  -3.1419999999999998e-03
   6.4501000000000097e-01  -0.0000000000000000e+00  -3.1419999999999998e-03
   6.5000299999999989e-01   8.7270000000000004e-03  -3.1419999999999998e-03
   6.5501000000000076e-01   1.7453000000000000e-02   0.0000000000000000e+00
   6.6000299999999967e-01   2.5089000000000000e-02   0.0000000000000000e+00
   6.6501000000000055e-01   3.3815999999999999e-02   0.0000000000000000e+00
   6.7000299999999946e-01   4.1452000000000003e-02   0.0000000000000000e+00
   6.7501000000000033e-01   5.0178000000000000e-02   0.0000000000000000e+00
   6.8000300000000102e-01   5.7813999999999997e-02   0.0000000000000000e+00
   6.8500900000000087e-01   6.5449999999999994e-02   0.0000000000000000e+00
   6.9000300000000081e-01   7.3085999999999998e-02   0.0000000000000000e+00
   6.9500999999999991e-01   8.0721000000000001e-02   0.0000000000000000e+00
   7.0000300000000060e-01   8.8357000000000005e-02   0.0000000000000000e+00
   7.0500999999999969e-01   9.5992999999999995e-02   0.0000000000000000e+00
   7.1000300000000038e-01   1.0253800000000000e-01   0.0000000000000000e+00
   7.1500999999999948e-01   1.1017399999999999e-01   0.0000000000000000e+00
   7.2000300000000017e-01   1.1671900000000000e-01   0.0000000000000000e+00
   7.2501000000000104e-01   1.2326400000000000e-01   0.0000000000000000e+00
   7.3000299999999996e-01   1.2980900000000001e-01   0.0000000000000000e+00
   7.3500399999999999e-01   1.3635400000000000e-01   0.0000000000000000e+00
   7.4000400000000077e-01   1.4180799999999999e-01   0.0000000000000000e+00
   7.4501000000000062e-01   1.4726200000000000e-01   0.0000000000000000e+00
   7.5000299999999953e-01   1.5271599999999999e-01   0.0000000000000000e+00
   7.5501000000000040e-01   1.5817000000000001e-01   0.0000000000000000e+00
   7.6000300000000109e-01   1.6362499999999999e-01   3.1419999999999998e-03
   7.6501000000000019e-01   1.6798800000000000e-01   3.1419999999999998e-03
   7.7000300000000088e-01   1.7235100000000000e-01   3.1419999999999998e-03
   7.7500999999999998e-01   1.7671500000000001e-01   3.1419999999999998e-03
   7.8000300000000067e-01   1.8107799999999999e-01   3.1419999999999998e-03
   7.8501100000000079e-01   1.8435000000000001e-01   3.1419999999999998e-03
   7.9000300000000045e-01   1.8762300000000001e-01   3.1419999999999998e-03
   7.9501100000000058e-01   1.9089500000000001e-01   3.1419999999999998e-03
   8.0000300000000024e-01   1.9416800000000001e-01   3.1419999999999998e-03
   8.0500499999999953e-01   1.9635000000000000e-01   3.1419999999999998e-03
   8.1000400000000106e-01   1.9853100000000001e-01   3.1419999999999998e-03
   8.1501100000000015e-01   2.0071300000000000e-01   3.1419999999999998e-03
   8.2000400000000084e-01   2.0180400000000001e-01   3.1419999999999998e-03
   8.2501099999999994e-01   2.0289499999999999e-01   3.1419999999999998e-03
   8.3000299999999960e-01   2.0398500000000000e-01   3.1419999999999998e-03
   8.3501099999999973e-01   2.0507600000000001e-01   3.1419999999999998e-03
   8.4000300000000117e-01   2.0507600000000001e-01   3.1419999999999998e-03
   8.4501099999999951e-01   2.0507600000000001e-01   3.1419999999999998e-03
   8.5000300000000095e-01   2.0507600000000001e-01   3.1419999999999998e-03
   8.5501100000000108e-01   2.0507600000000001e-01   3.1419999999999998e-03
   8.6000399999999999e-01   2.0398500000000000e-01   3.1419999999999998e-03
   8.6500999999999983e-01   2.0289499999999999e-01   3.1419999999999998e-03
   8.7000399999999978e-01   2.0180400000000001e-01   3.1419999999999998e-03
   8.7501100000000065e-01   2.0071300000000000e-01   3.1419999999999998e-03
   8.8000399999999956e-01   1.9853100000000001e-01   3.1419999999999998e-03
   8.8501100000000044e-01   1.9635000000000000e-01   3.1419999999999998e-03
   8.9000400000000113e-01   1.9416800000000001e-01   3.1419999999999998e-03
   8.9501100000000022e-01   1.9089500000000001e-01   3.1419999999999998e-03
   9.0000400000000091e-01   1.8871399999999999e-01   3.1419999999999998e-03
   9.0501000000000076e-01   1.8544099999999999e-01   3.1419999999999998e-03
   9.1000400000000070e-01   1.8107799999999999e-01   3.1419999999999998e-03
   9.1500500000000073e-01   1.7780499999999999e-01   3.1419999999999998e-03
   9.2000400000000049e-01   1.7344200000000001e-01   3.1419999999999998e-03
   9.2500500000000052e-01   1.6907900000000001e-01   3.1419999999999998e-03
   9.3000499999999953e-01   1.6471500000000000e-01   3.1419999999999998e-03
   9.3501100000000115e-01   1.6035199999999999e-01   3.1419999999999998e-03
   9.4000400000000006e-01   1.5489800000000001e-01   3.1419999999999998e-03
   9.4500500000000009e-01   1.5053500000000000e-01   3.1419999999999998e-03
   9.5000500000000088e-01   1.4507999999999999e-01   3.1419999999999998e-03
   9.5501199999999997e-01   1.3962600000000000e-01   3.1419999999999998e-03
   9.6000399999999964e-01   1.3417200000000001e-01   3.1419999999999998e-03
   9.6501100000000051e-01   1.2762699999999999e-01   3.1419999999999998e-03
   9.7000399999999942e-01   1.2217300000000000e-01   3.1419999999999998e-03
   9.7501100000000029e-01   1.1562799999999999e-01   3.1419999999999998e-03
   9.8000400000000099e-01   1.0908300000000000e-01   3.1419999999999998e-03
   9.8501100000000008e-01   1.0253800000000000e-01   3.1419999999999998e-03
   9.9000400000000077e-01   9.7084000000000004e-02   3.1419999999999998e-03
   9.9501099999999987e-01   8.9448000000000000e-02   3.1419999999999998e-03
   1.0000040000000006e+00   8.2903000000000004e-02   3.1419999999999998e-03
   1.0050109999999997e+00   7.6357999999999995e-02   3.1419999999999998e-03
   1.0100040000000003e+00   6.9813000000000000e-02   3.1419999999999998e-03
   1.0150109999999994e+00   6.2177000000000003e-02   3.1419999999999998e-03
   1.0200040000000001e+00   5.5632000000000001e-02   3.1419999999999998e-03
   1.0250120000000003e+00   4.7996999999999998e-02   3.1419999999999998e-03
   1.0300039999999999e+00   4.1452000000000003e-02   3.1419999999999998e-03
   1.0350110000000008e+00   3.3815999999999999e-02   3.1419999999999998e-03
   1.0400039999999997e+00   2.7271000000000000e-02   3.1419999999999998e-03
   1.0450119999999998e+00   1.9635000000000000e-02   3.1419999999999998e-03
   1.0500039999999995e+00   1.1998999999999999e-02   3.1419999999999998e-03
   1.0550119999999996e+00   5.4539999999999996e-03   3.1419999999999998e-03
   1.0600050000000003e+00  -2.1819999999999999e-03   3.1419999999999998e-03
   1.0650120000000012e+00  -8.7270000000000004e-03   3.1419999999999998e-03
   1.0700050000000001e+00  -1.6362000000000002e-02   3.1419999999999998e-03
   1.0750120000000010e+00  -2.3997999999999998e-02   3.1419999999999998e-03
   1.0800049999999999e+00  -3.0543000000000001e-02   3.1419999999999998e-03
   1.0850120000000008e+00  -3.7088000000000003e-02   3.1419999999999998e-03
   1.0900049999999997e+00  -4.4724000000000000e-02   3.1419999999999998e-03
   1.0950109999999995e+00  -5.1269000000000002e-02   3.1419999999999998e-03
   1.1000049999999995e+00  -5.7813999999999997e-02   3.1419999999999998e-03
   1.1050120000000003e+00  -6.4359000000000000e-02   3.1419999999999998e-03
   1.1100050000000010e+00  -7.0903999999999995e-02   3.1419999999999998e-03
   1.1150060000000011e+00  -7.7449000000000004e-02   3.1419999999999998e-03
   1.1200060000000001e+00  -8.2903000000000004e-02   3.1419999999999998e-03
   1.1250119999999999e+00  -8.9448000000000000e-02   3.1419999999999998e-03
   1.1300050000000006e+00  -9.4902000000000000e-02   3.1419999999999998e-03
   1.1350119999999997e+00  -1.0144700000000000e-01   3.1419999999999998e-03
   1.1400050000000004e+00  -1.0690100000000000e-01   3.1419999999999998e-03
   1.1450119999999995e+00  -1.1235600000000000e-01   3.1419999999999998e-03
   1.1500050000000002e+00  -1.1671900000000000e-01   3.1419999999999998e-03
   1.1550120000000010e+00  -1.2217300000000000e-01   3.1419999999999998e-03
   1.1600050000000000e+00  -1.2653600000000001e-01   3.1419999999999998e-03
   1.1650120000000008e+00  -1.3199100000000000e-01   3.1419999999999998e-03
   1.1700049999999997e+00  -1.3635400000000000e-01   3.1419999999999998e-03
   1.1750120000000006e+00  -1.4071700000000001e-01   3.1419999999999998e-03
   1.1800049999999995e+00  -1.4399000000000001e-01   3.1419999999999998e-03
   1.1850120000000004e+00  -1.4835300000000001e-01   0.0000000000000000e+00
   1.1900050000000011e+00  -1.5162500000000001e-01   0.0000000000000000e+00
   1.1950120000000002e+00  -1.5489800000000001e-01   0.0000000000000000e+00
   1.2000050000000009e+00  -1.5817000000000001e-01   0.0000000000000000e+00
   1.2050120000000000e+00  -1.6035199999999999e-01   0.0000000000000000e+00
   1.2100050000000007e+00  -1.6253400000000001e-01   0.0000000000000000e+00
   1.2150130000000008e+00  -1.6580600000000001e-01   0.0000000000000000e+00
   1.2200050000000005e+00  -1.6689699999999999e-01   0.0000000000000000e+00
   1.2250119999999995e+00  -1.6907900000000001e-01   0.0000000000000000e+00
   1.2300050000000002e+00  -1.7016999999999999e-01   0.0000000000000000e+00
   1.2350120000000011e+00  -1.7235100000000000e-01   0.0000000000000000e+00
   1.2400050000000000e+00  -1.7235100000000000e-01   0.0000000000000000e+00
   1.2450130000000001e+00  -1.7344200000000001e-01   0.0000000000000000e+00
   1.2500060000000008e+00  -1.7453299999999999e-01   0.0000000000000000e+00
   1.2550070000000009e+00  -1.7453299999999999e-01   0.0000000000000000e+00
   1.2600069999999999e+00  -1.7453299999999999e-01   0.0000000000000000e+00
   1.2650120000000005e+00  -1.7453299999999999e-01   0.0000000000000000e+00
   1.2700060000000004e+00  -1.7344200000000001e-01   0.0000000000000000e+00
   1.2750129999999995e+00  -1.7235100000000000e-01   0.0000000000000000e+00
   1.2800050000000009e+00  -1.7235100000000000e-01   0.0000000000000000e+00
   1.2850130000000011e+00  -1.7016999999999999e-01   0.0000000000000000e+00
   1.2900050000000007e+00  -1.6907900000000001e-01   0.0000000000000000e+00
   1.2950130000000009e+00  -1.6689699999999999e-01   0.0000000000000000e+00
   1.3000059999999998e+00  -1.6580600000000001e-01   0.0000000000000000e+00
   1.3050130000000006e+00  -1.6362499999999999e-01   0.0000000000000000e+00
   1.3100059999999996e+00  -1.6035199999999999e-01   0.0000000000000000e+00
   1.3150069999999996e+00  -1.5817000000000001e-01   0.0000000000000000e+00
   1.3200120000000002e+00  -1.5489800000000001e-01   0.0000000000000000e+00
   1.3250120000000010e+00  -1.5162500000000001e-01   0.0000000000000000e+00
   1.3300020000000004e+00  -1.4835300000000001e-01   0.0000000000000000e+00
   1.3350120000000008e+00  -1.4507999999999999e-01   0.0000000000000000e+00
   1.3400020000000001e+00  -1.4180799999999999e-01   0.0000000000000000e+00
   1.3450120000000005e+00  -1.3744500000000001e-01   0.0000000000000000e+00
   1.3500019999999999e+00  -1.3308100000000000e-01   0.0000000000000000e+00
   1.3550120000000003e+00  -1.2980900000000001e-01   0.0000000000000000e+00
   1.3600019999999997e+00  -1.2544600000000000e-01   0.0000000000000000e+00
   1.3650120000000001e+00  -1.1999100000000000e-01   0.0000000000000000e+00
   1.3700019999999995e+00  -1.1562799999999999e-01   0.0000000000000000e+00
   1.3750119999999999e+00  -1.1126500000000000e-01   0.0000000000000000e+00
   1.3800120000000007e+00  -1.0581100000000000e-01   0.0000000000000000e+00
   1.3850119999999997e+00  -1.0035600000000000e-01   0.0000000000000000e+00
   1.3900020000000008e+00  -9.4902000000000000e-02   0.0000000000000000e+00
   1.3950119999999995e+00  -8.9448000000000000e-02   0.0000000000000000e+00
   1.4000020000000006e+00  -8.3993999999999999e-02   0.0000000000000000e+00
   1.4050120000000010e+00  -7.8539999999999999e-02   0.0000000000000000e+00
   1.4100020000000004e+00  -7.3085999999999998e-02   0.0000000000000000e+00
   1.4150120000000008e+00  -6.6541000000000003e-02   0.0000000000000000e+00
   1.4200020000000002e+00  -6.1087000000000002e-02   0.0000000000000000e+00
   1.4250120000000006e+00  -5.4542000000000000e-02   0.0000000000000000e+00
   1.4300119999999996e+00  -4.9086999999999999e-02   0.0000000000000000e+00
   1.4350120000000004e+00  -4.2542000000000003e-02   0.0000000000000000e+00
   1.4400019999999998e+00  -3.7088000000000003e-02   0.0000000000000000e+00
   1.4450120000000002e+00  -3.0543000000000001e-02   0.0000000000000000e+00
   1.4500019999999996e+00  -2.3997999999999998e-02   0.0000000000000000e+00
   1.4550120000000000e+00  -1.8544000000000001e-02   0.0000000000000000e+00
   1.4600120000000008e+00  -1.1998999999999999e-02   0.0000000000000000e+00
   1.4650119999999998e+00  -5.4539999999999996e-03   0.0000000000000000e+00
   1.4700020000000009e+00   1.0910000000000000e-03   0.0000000000000000e+00
   1.4750119999999995e+00   6.5449999999999996e-03   0.0000000000000000e+00
   1.4800020000000007e+00   1.3089999999999999e-02   0.0000000000000000e+00
   1.4850120000000011e+00   1.9635000000000000e-02   0.0000000000000000e+00
   1.4900120000000001e+00   2.5089000000000000e-02   0.0000000000000000e+00
   1.4950120000000009e+00   3.1634000000000002e-02   0.0000000000000000e+00
   1.5000119999999999e+00   3.7088000000000003e-02   0.0000000000000000e+00
   1.5050120000000007e+00   4.3632999999999998e-02   0.0000000000000000e+00
   1.5100119999999997e+00   4.9086999999999999e-02   0.0000000000000000e+00
   1.5150120000000005e+00   5.4542000000000000e-02   0.0000000000000000e+00
   1.5200119999999995e+00   5.9996000000000001e-02   0.0000000000000000e+00
   1.5250120000000003e+00   6.5449999999999994e-02   0.0000000000000000e+00
   1.5300120000000010e+00   7.0903999999999995e-02   0.0000000000000000e+00
   1.5350120000000000e+00   7.6357999999999995e-02   0.0000000000000000e+00
   1.5400120000000008e+00   8.1811999999999996e-02   0.0000000000000000e+00
   1.5450119999999998e+00   8.6176000000000003e-02   0.0000000000000000e+00
   1.5500120000000006e+00   9.1630000000000003e-02   0.0000000000000000e+00
   1.5550119999999996e+00   9.5992999999999995e-02   0.0000000000000000e+00
   1.5600120000000004e+00   1.0035600000000000e-01   0.0000000000000000e+00
   1.5650120000000012e+00   1.0471999999999999e-01   0.0000000000000000e+00
   1.5700120000000002e+00   1.0908300000000000e-01   0.0000000000000000e+00
   1.5750120000000010e+00   1.1344600000000001e-01   0.0000000000000000e+00
   1.5800120000000000e+00   1.1781000000000000e-01   0.0000000000000000e+00
   1.5850120000000008e+00   1.2108200000000000e-01   0.0000000000000000e+00
   1.5900119999999998e+00   1.2435499999999999e-01   0.0000000000000000e+00
   1.5950120000000005e+00   1.2762699999999999e-01   0.0000000000000000e+00
   1.6000119999999995e+00   1.3089999999999999e-01   0.0000000000000000e+00
   1.6050120000000003e+00   1.3417200000000001e-01   3.1419999999999998e-03
   1.6100120000000011e+00   1.3635400000000000e-01   3.1419999999999998e-03
   1.6150120000000001e+00   1.3853599999999999e-01   3.1419999999999998e-03
   1.6200120000000009e+00   1.4071700000000001e-01   3.1419999999999998e-03
   1.6250119999999999e+00   1.4289900000000000e-01   3.1419999999999998e-03
   1.6300120000000007e+00   1.4507999999999999e-01   3.1419999999999998e-03
   1.6350119999999997e+00   1.4617100000000000e-01   3.1419999999999998e-03
   1.6400120000000005e+00   1.4835300000000001e-01   3.1419999999999998e-03
   1.6450119999999995e+00   1.4944399999999999e-01   3.1419999999999998e-03
   1.6500120000000003e+00   1.5053500000000000e-01   3.1419999999999998e-03
   1.6550120000000010e+00   1.5053500000000000e-01   3.1419999999999998e-03
   1.6600120000000000e+00   1.5162500000000001e-01   3.1419999999999998e-03
   1.6650120000000008e+00   1.5162500000000001e-01   3.1419999999999998e-03
   1.6700119999999998e+00   1.5162500000000001e-01   3.1419999999999998e-03
   1.6750120000000006e+00   1.5162500000000001e-01   3.1419999999999998e-03
   1.6800119999999996e+00   1.5053500000000000e-01   3.1419999999999998e-03
   1.6850120000000004e+00   1.5053500000000000e-01   3.1419999999999998e-03
   1.6900120000000012e+00   1.4944399999999999e-01   3.1419999999999998e-03
   1.6950120000000002e+00   1.4835300000000001e-01   3.1419999999999998e-03
   1.7000120000000010e+00   1.4726200000000000e-01   3.1419999999999998e-03
   1.7050120000000000e+00   1.4617100000000000e-01   3.1419999999999998e-03
   1.7100120000000008e+00   1.4399000000000001e-01   3.1419999999999998e-03
   1.7150119999999998e+00   1.4289900000000000e-01   3.1419999999999998e-03
   1.7200120000000005e+00   1.4071700000000001e-01   3.1419999999999998e-03
   1.7250119999999995e+00   1.3853599999999999e-01   3.1419999999999998e-03
   1.7300120000000003e+00   1.3635400000000000e-01   3.1419999999999998e-03
   1.7350120000000011e+00   1.3308100000000000e-01   3.1419999999999998e-03
   1.7400120000000001e+00   1.3089999999999999e-01   3.1419999999999998e-03
   1.7450120000000009e+00   1.2762699999999999e-01   3.1419999999999998e-03
   1.7500119999999999e+00   1.2435499999999999e-01   3.1419999999999998e-03
   1.7550120000000007e+00   1.2108200000000000e-01   3.1419999999999998e-03
   1.7600119999999997e+00   1.1781000000000000e-01   3.1419999999999998e-03
   1.7650120000000005e+00   1.1453700000000000e-01   3.1419999999999998e-03
   1.7700119999999995e+00   1.1126500000000000e-01   3.1419999999999998e-03
   1.7750120000000003e+00   1.0690100000000000e-01   3.1419999999999998e-03
   1.7800120000000010e+00   1.0253800000000000e-01   3.1419999999999998e-03
   1.7850120000000000e+00   9.9265999999999993e-02   3.1419999999999998e-03
   1.7900120000000008e+00   9.4902000000000000e-02   3.1419999999999998e-03
   1.7950119999999998e+00   9.0538999999999994e-02   3.1419999999999998e-03
   1.8000120000000006e+00   8.6176000000000003e-02   3.1419999999999998e-03
   1.8050119999999996e+00   8.1811999999999996e-02   3.1419999999999998e-03
   1.8100120000000004e+00   7.6357999999999995e-02   3.1419999999999998e-03
   1.8150120000000012e+00   7.1995000000000003e-02   3.1419999999999998e-03
   1.8200120000000002e+00   6.7631999999999998e-02   3.1419999999999998e-03
   1.8250120000000010e+00   6.2177000000000003e-02   3.1419999999999998e-03
   1.8300120000000000e+00   5.7813999999999997e-02   3.1419999999999998e-03
   1.8350120000000008e+00   5.2359999999999997e-02   3.1419999999999998e-03
   1.8400119999999998e+00   4.7996999999999998e-02   3.1419999999999998e-03
   1.8450120000000005e+00   4.2542000000000003e-02   3.1419999999999998e-03
   1.8500119999999995e+00   3.7088000000000003e-02   3.1419999999999998e-03
   1.8550120000000003e+00   3.2724999999999997e-02   3.1419999999999998e-03
   1.8600120000000011e+00   2.7271000000000000e-02   3.1419999999999998e-03
   1.8650120000000001e+00   2.1817000000000000e-02   3.1419999999999998e-03
   1.8700120000000009e+00   1.7453000000000000e-02   3.1419999999999998e-03
   1.8750119999999999e+00   1.1998999999999999e-02   3.1419999999999998e-03
   1.8800120000000007e+00   6.5449999999999996e-03   3.1419999999999998e-03
   1.8850119999999997e+00   1.0910000000000000e-03   3.1419999999999998e-03
   1.8900120000000005e+00  -4.3629999999999997e-03   3.1419999999999998e-03
   1.8950119999999995e+00  -8.7270000000000004e-03   3.1419999999999998e-03
   1.9000120000000003e+00  -1.4180999999999999e-02   3.1419999999999998e-03
   1.9050120000000010e+00  -1.9635000000000000e-02   3.1419999999999998e-03
   1.9100120000000000e+00  -2.3997999999999998e-02   3.1419999999999998e-03
   1.9150120000000008e+00  -2.9451999999999999e-02   3.1419999999999998e-03
   1.9200119999999998e+00  -3.3815999999999999e-02   3.1419999999999998e-03
   1.9250120000000006e+00  -3.8178999999999998e-02   3.1419999999999998e-03
   1.9300119999999996e+00  -4.3632999999999998e-02   3.1419999999999998e-03
   1.9350120000000004e+00  -4.7996999999999998e-02   3.1419999999999998e-03
   1.9400120000000012e+00  -5.2359999999999997e-02   3.1419999999999998e-03
   1.9450120000000002e+00  -5.6723000000000003e-02   3.1419999999999998e-03
   1.9500120000000010e+00  -6.1087000000000002e-02   3.1419999999999998e-03
   1.9550120000000000e+00  -6.5449999999999994e-02   3.1419999999999998e-03
   1.9600120000000008e+00  -6.9813000000000000e-02   3.1419999999999998e-03
   1.9650119999999998e+00  -7.3085999999999998e-02   3.1419999999999998e-03
   1.9700120000000005e+00  -7.7449000000000004e-02   3.1419999999999998e-03
   1.9750119999999995e+00  -8.0721000000000001e-02   3.1419999999999998e-03
   1.9800120000000003e+00  -8.5084999999999994e-02   3.1419999999999998e-03
   1.9850120000000011e+00  -8.8357000000000005e-02   3.1419999999999998e-03
   1.9900120000000001e+00  -9.1630000000000003e-02   3.1419999999999998e-03
   1.9950120000000009e+00  -9.4902000000000000e-02   3.1419999999999998e-03
   2.0000119999999999e+00  -9.8174999999999998e-02   3.1419999999999998e-03
   2.0050120000000007e+00  -1.0035600000000000e-01   3.1419999999999998e-03
   2.0100119999999997e+00  -1.0362900000000000e-01   3.1419999999999998e-03
   2.0150120000000005e+00  -1.0581100000000000e-01   3.1419999999999998e-03
   2.0200119999999995e+00  -1.0799200000000000e-01   3.1419999999999998e-03
   2.0250120000000003e+00  -1.1017399999999999e-01   3.1419999999999998e-03
   2.0300120000000010e+00  -1.1235600000000000e-01   3.1419999999999998e-03
   2.0350120000000000e+00  -1.1453700000000000e-01   3.1419999999999998e-03
   2.0400120000000008e+00  -1.1562799999999999e-01   3.1419999999999998e-03
   2.0450119999999998e+00  -1.1781000000000000e-01   3.1419999999999998e-03
   2.0500120000000006e+00  -1.1890100000000001e-01   3.1419999999999998e-03
   2.0550119999999996e+00  -1.1999100000000000e-01   3.1419999999999998e-03
   2.0600120000000004e+00  -1.2108200000000000e-01   3.1419999999999998e-03
   2.0650120000000012e+00  -1.2108200000000000e-01   3.1419999999999998e-03
   2.0700120000000002e+00  -1.2217300000000000e-01   3.1419999999999998e-03
   2.0750120000000010e+00  -1.2217300000000000e-01   3.1419999999999998e-03
   2.0800120000000000e+00  -1.2217300000000000e-01   3.1419999999999998e-03
   2.0850120000000008e+00  -1.2217300000000000e-01   3.1419999999999998e-03
   2.0900119999999998e+00  -1.2217300000000000e-01   3.1419999999999998e-03
   2.0950120000000005e+00  -1.2217300000000000e-01   3.1419999999999998e-03
   2.1000119999999995e+00  -1.2108200000000000e-01   3.1419999999999998e-03
   2.1050120000000003e+00  -1.2108200000000000e-01   3.1419999999999998e-03
   2.1100120000000011e+00  -1.1999100000000000e-01   3.1419999999999998e-03
   2.1150120000000001e+00  -1.1890100000000001e-01   3.1419999999999998e-03
   2.1200120000000009e+00  -1.1781000000000000e-01   3.1419999999999998e-03
   2.1250219999999995e+00  -1.1562799999999999e-01   3.1419999999999998e-03
   2.1300120000000007e+00  -1.1453700000000000e-01   3.1419999999999998e-03
   2.1350119999999997e+00  -1.1235600000000000e-01   3.1419999999999998e-03
   2.1400120000000005e+00  -1.1126500000000000e-01   3.1419999999999998e-03
   2.1450220000000009e+00  -1.0908300000000000e-01   3.1419999999999998e-03
   2.1500120000000003e+00  -1.0690100000000000e-01   3.1419999999999998e-03
   2.1550120000000010e+00  -1.0471999999999999e-01   3.1419999999999998e-03
   2.1600120000000000e+00  -1.0253800000000000e-01   3.1419999999999998e-03
   2.1650120000000008e+00  -9.9265999999999993e-02   3.1419999999999998e-03
   2.1700119999999998e+00  -9.7084000000000004e-02   3.1419999999999998e-03
   2.1750220000000002e+00  -9.3811000000000005e-02   3.1419999999999998e-03
   2.1800119999999996e+00  -9.0538999999999994e-02   3.1419999999999998e-03
   2.1850220000000000e+00  -8.7265999999999996e-02   3.1419999999999998e-03
   2.1900120000000012e+00  -8.5084999999999994e-02   3.1419999999999998e-03
   2.1950219999999998e+00  -8.0721000000000001e-02   3.1419999999999998e-03
   2.2000120000000010e+00  -7.7449000000000004e-02   3.1419999999999998e-03
   2.2050219999999996e+00  -7.4176000000000006e-02   3.1419999999999998e-03
   2.2100120000000008e+00  -7.0903999999999995e-02   3.1419999999999998e-03
   2.2150220000000012e+00  -6.7631999999999998e-02   3.1419999999999998e-03
   2.2200120000000005e+00  -6.3268000000000005e-02   3.1419999999999998e-03
   2.2250220000000009e+00  -5.8904999999999999e-02   3.1419999999999998e-03
   2.2300120000000003e+00  -5.5632000000000001e-02   3.1419999999999998e-03
   2.2350220000000007e+00  -5.1269000000000002e-02   3.1419999999999998e-03
   2.2400120000000001e+00  -4.6906000000000003e-02   3.1419999999999998e-03
   2.2450220000000005e+00  -4.3632999999999998e-02   3.1419999999999998e-03
   2.2500119999999999e+00  -3.9269999999999999e-02   3.1419999999999998e-03
   2.2550220000000003e+00  -3.4907000000000001e-02   3.1419999999999998e-03
   2.2600119999999997e+00  -3.0543000000000001e-02   3.1419999999999998e-03
   2.2650220000000001e+00  -2.6179999999999998e-02   3.1419999999999998e-03
   2.2700119999999995e+00  -2.1817000000000000e-02   3.1419999999999998e-03
   2.2750219999999999e+00  -1.7453000000000000e-02   3.1419999999999998e-03
   2.2800120000000010e+00  -1.3089999999999999e-02   3.1419999999999998e-03
   2.2850219999999997e+00  -8.7270000000000004e-03   3.1419999999999998e-03
   2.2900120000000008e+00  -5.4539999999999996e-03   3.1419999999999998e-03
   2.2950219999999995e+00  -1.0910000000000000e-03   3.1419999999999998e-03
   2.3000120000000006e+00   3.2720000000000002e-03   3.1419999999999998e-03
   2.3050220000000010e+00   7.6360000000000004e-03   3.1419999999999998e-03
   2.3100120000000004e+00   1.1998999999999999e-02   3.1419999999999998e-03
   2.3150220000000008e+00   1.6362000000000002e-02   3.1419999999999998e-03
   2.3200120000000002e+00   2.0726000000000001e-02   3.1419999999999998e-03
   2.3250220000000006e+00   2.3997999999999998e-02   3.1419999999999998e-03
   2.3300120000000000e+00   2.8361999999999998e-02   3.1419999999999998e-03
   2.3350220000000004e+00   3.2724999999999997e-02   3.1419999999999998e-03
   2.3400119999999998e+00   3.5997000000000001e-02   3.1419999999999998e-03
   2.3450220000000002e+00   4.0361000000000001e-02   3.1419999999999998e-03
   2.3500119999999995e+00   4.3632999999999998e-02   3.1419999999999998e-03
   2.3550120000000003e+00   4.7996999999999998e-02   3.1419999999999998e-03
   2.3600120000000011e+00   5.1269000000000002e-02   3.1419999999999998e-03
   2.3650219999999997e+00   5.4542000000000000e-02   3.1419999999999998e-03
   2.3700120000000009e+00   5.7813999999999997e-02   3.1419999999999998e-03
   2.3750219999999995e+00   6.1087000000000002e-02   3.1419999999999998e-03
   2.3800120000000007e+00   6.4359000000000000e-02   3.1419999999999998e-03
   2.3850220000000011e+00   6.7631999999999998e-02   3.1419999999999998e-03
   2.3900120000000005e+00   7.0903999999999995e-02   3.1419999999999998e-03
   2.3950119999999995e+00   7.3085999999999998e-02   3.1419999999999998e-03
   2.4000120000000003e+00   7.6357999999999995e-02   3.1419999999999998e-03
   2.4050120000000010e+00   7.8539999999999999e-02   3.1419999999999998e-03
   2.4100120000000000e+00   8.0721000000000001e-02   3.1419999999999998e-03
   2.4150120000000008e+00   8.3993999999999999e-02   3.1419999999999998e-03
   2.4200119999999998e+00   8.6176000000000003e-02   3.1419999999999998e-03
   2.4250120000000006e+00   8.8357000000000005e-02   3.1419999999999998e-03
   2.4300119999999996e+00   8.9448000000000000e-02   3.1419999999999998e-03
   2.4350220000000000e+00   9.1630000000000003e-02   3.1419999999999998e-03
   2.4400120000000012e+00   9.3811000000000005e-02   3.1419999999999998e-03
   2.4450219999999998e+00   9.4902000000000000e-02   3.1419999999999998e-03
   2.4500120000000010e+00   9.5992999999999995e-02   3.1419999999999998e-03
   2.4550219999999996e+00   9.8174999999999998e-02   3.1419999999999998e-03
   2.4600120000000008e+00   9.8174999999999998e-02   3.1419999999999998e-03
   2.4650220000000012e+00   9.9265999999999993e-02   3.1419999999999998e-03
   2.4700120000000005e+00   1.0035600000000000e-01   3.1419999999999998e-03
   2.4750220000000009e+00   1.0144700000000000e-01   3.1419999999999998e-03
   2.4800120000000003e+00   1.0144700000000000e-01   3.1419999999999998e-03
   2.4850220000000007e+00   1.0253800000000000e-01   3.1419999999999998e-03
   2.4900120000000001e+00   1.0253800000000000e-01   3.1419999999999998e-03
   2.4950220000000005e+00   1.0253800000000000e-01   3.1419999999999998e-03
   2.5000119999999999e+00   1.0253800000000000e-01   3.1419999999999998e-03
   2.5050220000000003e+00   1.0253800000000000e-01   3.1419999999999998e-03
   2.5100119999999997e+00   1.0144700000000000e-01   3.1419999999999998e-03
   2.5150220000000001e+00   1.0144700000000000e-01   3.1419999999999998e-03
   2.5200119999999995e+00   1.0035600000000000e-01   3.1419999999999998e-03
   2.5250219999999999e+00   9.9265999999999993e-02   3.1419999999999998e-03
   2.5300120000000010e+00   9.9265999999999993e-02   3.1419999999999998e-03
   2.5350219999999997e+00   9.8174999999999998e-02   3.1419999999999998e-03
   2.5400120000000008e+00   9.7084000000000004e-02   3.1419999999999998e-03
   2.5450219999999995e+00   9.4902000000000000e-02   3.1419999999999998e-03
   2.5500120000000006e+00   9.3811000000000005e-02   3.1419999999999998e-03
   2.5550220000000010e+00   9.2720999999999998e-02   3.1419999999999998e-03
   2.5600120000000004e+00   9.0538999999999994e-02   3.1419999999999998e-03
   2.5650220000000008e+00   8.9448000000000000e-02   3.1419999999999998e-03
   2.5700120000000002e+00   8.7265999999999996e-02   3.1419999999999998e-03
   2.5750220000000006e+00   8.5084999999999994e-02   3.1419999999999998e-03
   2.5800120000000000e+00   8.2903000000000004e-02   3.1419999999999998e-03
   2.5850220000000004e+00   8.0721000000000001e-02   3.1419999999999998e-03
   2.5900119999999998e+00   7.8539999999999999e-02   3.1419999999999998e-03
   2.5950220000000002e+00   7.6357999999999995e-02   3.1419999999999998e-03
   2.6000119999999995e+00   7.4176000000000006e-02   3.1419999999999998e-03
   2.6050219999999999e+00   7.0903999999999995e-02   3.1419999999999998e-03
   2.6100120000000011e+00   6.8722000000000005e-02   3.1419999999999998e-03
   2.6150219999999997e+00   6.5449999999999994e-02   3.1419999999999998e-03
   2.6200120000000009e+00   6.3268000000000005e-02   3.1419999999999998e-03
   2.6250219999999995e+00   5.9996000000000001e-02   3.1419999999999998e-03
   2.6300120000000007e+00   5.7813999999999997e-02   3.1419999999999998e-03
   2.6350220000000011e+00   5.4542000000000000e-02   3.1419999999999998e-03
   2.6400120000000005e+00   5.1269000000000002e-02   3.1419999999999998e-03
   2.6450220000000009e+00   4.7996999999999998e-02   3.1419999999999998e-03
   2.6500120000000003e+00   4.5815000000000002e-02   3.1419999999999998e-03
   2.6550220000000007e+00   4.2542000000000003e-02   3.1419999999999998e-03
   2.6600120000000000e+00   3.9269999999999999e-02   3.1419999999999998e-03
   2.6650220000000004e+00   3.5997000000000001e-02   3.1419999999999998e-03
   2.6700119999999998e+00   3.2724999999999997e-02   3.1419999999999998e-03
   2.6750220000000002e+00   2.9451999999999999e-02   3.1419999999999998e-03
   2.6800119999999996e+00   2.6179999999999998e-02   3.1419999999999998e-03
   2.6850220000000000e+00   2.2907000000000000e-02   3.1419999999999998e-03
   2.6900120000000012e+00   1.9635000000000000e-02   3.1419999999999998e-03
   2.6950219999999998e+00   1.5272000000000001e-02   3.1419999999999998e-03
   2.7000120000000010e+00   1.1998999999999999e-02   3.1419999999999998e-03
   2.7050219999999996e+00   8.7270000000000004e-03   3.1419999999999998e-03
   2.7100120000000008e+00   5.4539999999999996e-03   3.1419999999999998e-03
   2.7150220000000012e+00   2.1819999999999999e-03   3.1419999999999998e-03
   2.7200120000000005e+00  -1.0910000000000000e-03   3.1419999999999998e-03
   2.7250220000000009e+00  -4.3629999999999997e-03   3.1419999999999998e-03
   2.7300120000000003e+00  -7.6360000000000004e-03   3.1419999999999998e-03
   2.7350220000000007e+00  -1.0907999999999999e-02   3.1419999999999998e-03
   2.7400120000000001e+00  -1.4180999999999999e-02   3.1419999999999998e-03
   2.7450220000000005e+00  -1.7453000000000000e-02   3.1419999999999998e-03
   2.7500119999999999e+00  -2.0726000000000001e-02   3.1419999999999998e-03
   2.7550220000000003e+00  -2.3997999999999998e-02   3.1419999999999998e-03
   2.7600119999999997e+00  -2.7271000000000000e-02   3.1419999999999998e-03
   2.7650220000000001e+00  -2.9451999999999999e-02   3.1419999999999998e-03
   2.7700119999999995e+00  -3.2724999999999997e-02   3.1419999999999998e-03
   2.7750219999999999e+00  -3.5997000000000001e-02   3.1419999999999998e-03
   2.7800120000000010e+00  -3.8178999999999998e-02   3.1419999999999998e-03
   2.7850219999999997e+00  -4.1452000000000003e-02   3.1419999999999998e-03
   2.7900120000000008e+00  -4.3632999999999998e-02   3.1419999999999998e-03
   2.7950119999999998e+00  -4.5815000000000002e-02   3.1419999999999998e-03
   2.8000120000000006e+00  -4.9086999999999999e-02   3.1419999999999998e-03
   2.8050119999999996e+00  -5.1269000000000002e-02   3.1419999999999998e-03
   2.8100120000000004e+00  -5.3450999999999999e-02   3.1419999999999998e-03
   2.8150120000000012e+00  -5.5632000000000001e-02   3.1419999999999998e-03
   2.8200120000000002e+00  -5.7813999999999997e-02   3.1419999999999998e-03
   2.8250120000000010e+00  -5.9996000000000001e-02   3.1419999999999998e-03
   2.8300120000000000e+00  -6.1087000000000002e-02   3.1419999999999998e-03
   2.8350120000000008e+00  -6.3268000000000005e-02   3.1419999999999998e-03
   2.8400119999999998e+00  -6.4359000000000000e-02   3.1419999999999998e-03
   2.8450220000000002e+00  -6.6541000000000003e-02   3.1419999999999998e-03
   2.8500119999999995e+00  -6.7631999999999998e-02   3.1419999999999998e-03
   2.8550219999999999e+00  -6.8722000000000005e-02   3.1419999999999998e-03
   2.8600120000000011e+00  -7.0903999999999995e-02   3.1419999999999998e-03
   2.8650120000000001e+00  -7.1995000000000003e-02   3.1419999999999998e-03
   2.8700120000000009e+00  -7.1995000000000003e-02   3.1419999999999998e-03
   2.8750119999999999e+00  -7.3085999999999998e-02   3.1419999999999998e-03
   2.8800120000000007e+00  -7.4176000000000006e-02   3.1419999999999998e-03
   2.8850119999999997e+00  -7.4176000000000006e-02   3.1419999999999998e-03
   2.8900120000000005e+00  -7.5267000000000001e-02   3.1419999999999998e-03
   2.8950119999999995e+00  -7.5267000000000001e-02   3.1419999999999998e-03
   2.9000120000000003e+00  -7.6357999999999995e-02   3.1419999999999998e-03
   2.9050120000000010e+00  -7.6357999999999995e-02   3.1419999999999998e-03
   2.9100120000000000e+00  -7.6357999999999995e-02   3.1419999999999998e-03
   2.9150120000000008e+00  -7.6357999999999995e-02   3.1419999999999998e-03
   2.9200119999999998e+00  -7.5267000000000001e-02   3.1419999999999998e-03
   2.9250120000000006e+00  -7.5267000000000001e-02   3.1419999999999998e-03
   2.9300119999999996e+00  -7.5267000000000001e-02   3.1419999999999998e-03
   2.9350120000000004e+00  -7.4176000000000006e-02   3.1419999999999998e-03
   2.9400120000000012e+00  -7.4176000000000006e-02   3.1419999999999998e-03
   2.9450219999999998e+00  -7.3085999999999998e-02   3.1419999999999998e-03
   2.9500120000000010e+00  -7.1995000000000003e-02   3.1419999999999998e-03
   2.9550219999999996e+00  -7.0903999999999995e-02   3.1419999999999998e-03
   2.9600120000000008e+00  -6.9813000000000000e-02   3.1419999999999998e-03
   2.9650220000000012e+00  -6.8722000000000005e-02   3.1419999999999998e-03
   2.9700120000000005e+00  -6.7631999999999998e-02   3.1419999999999998e-03
   2.9750220000000009e+00  -6.6541000000000003e-02   3.1419999999999998e-03
   2.9800120000000003e+00  -6.4359000000000000e-02   3.1419999999999998e-03
   2.9850220000000007e+00  -6.3268000000000005e-02   3.1419999999999998e-03
   2.9900120000000001e+00  -6.1087000000000002e-02   3.1419999999999998e-03
   2.9950220000000005e+00  -5.9996000000000001e-02   3.1419999999999998e-03
   3.0000119999999999e+00  -5.7813999999999997e-02   3.1419999999999998e-03
   3.0050220000000003e+00  -5.6723000000000003e-02   3.1419999999999998e-03
   3.0100119999999997e+00  -5.4542000000000000e-02   3.1419999999999998e-03
   3.0150220000000001e+00  -5.2359999999999997e-02   3.1419999999999998e-03
   3.0200119999999995e+00  -5.0178000000000000e-02   3.1419999999999998e-03
   3.0250219999999999e+00  -4.7996999999999998e-02   3.1419999999999998e-03
   3.0300120000000010e+00  -4.5815000000000002e-02   3.1419999999999998e-03
   3.0350219999999997e+00  -4.3632999999999998e-02   3.1419999999999998e-03
   3.0400120000000008e+00  -4.1452000000000003e-02   3.1419999999999998e-03
   3.0450219999999995e+00  -3.9269999999999999e-02   3.1419999999999998e-03
   3.0500120000000006e+00  -3.7088000000000003e-02   3.1419999999999998e-03
   3.0550220000000010e+00  -3.4907000000000001e-02   3.1419999999999998e-03
   3.0600120000000004e+00  -3.2724999999999997e-02   3.1419999999999998e-03
   3.0650220000000008e+00  -2.9451999999999999e-02   3.1419999999999998e-03
   3.0700120000000002e+00  -2.7271000000000000e-02   3.1419999999999998e-03
   3.0750120000000010e+00  -2.3997999999999998e-02   3.1419999999999998e-03
   3.0800120000000000e+00  -2.1817000000000000e-02   3.1419999999999998e-03
   3.0850220000000004e+00  -1.9635000000000000e-02   3.1419999999999998e-03
   3.0900119999999998e+00  -1.6362000000000002e-02   3.1419999999999998e-03
   3.0950120000000005e+00  -1.4180999999999999e-02   3.1419999999999998e-03
   3.1000119999999995e+00  -1.0907999999999999e-02   3.1419999999999998e-03
   3.1050120000000003e+00  -8.7270000000000004e-03   3.1419999999999998e-03
   3.1100120000000011e+00  -6.5449999999999996e-03   3.1419999999999998e-03
   3.1150120000000001e+00  -3.2720000000000002e-03   3.1419999999999998e-03
   3.1200120000000009e+00  -1.0910000000000000e-03   3.1419999999999998e-03
   3.1250219999999995e+00   2.1819999999999999e-03   3.1419999999999998e-03
   3.1300120000000007e+00   4.3629999999999997e-03   3.1419999999999998e-03
   3.1350220000000011e+00   6.5449999999999996e-03   3.1419999999999998e-03
   3.1400120000000005e+00   9.8169999999999993e-03   3.1419999999999998e-03
   3.1450220000000009e+00   1.1998999999999999e-02   3.1419999999999998e-03
   3.1500120000000003e+00   1.4180999999999999e-02   3.1419999999999998e-03
   3.1550220000000007e+00   1.6362000000000002e-02   3.1419999999999998e-03
   3.1600120000000000e+00   1.9635000000000000e-02   3.1419999999999998e-03
   3.1650220000000004e+00   2.1817000000000000e-02   3.1419999999999998e-03
   3.1700119999999998e+00   2.3997999999999998e-02   3.1419999999999998e-03
   3.1750220000000002e+00   2.6179999999999998e-02   3.1419999999999998e-03
   3.1800119999999996e+00   2.8361999999999998e-02   3.1419999999999998e-03
   3.1850220000000000e+00   3.0543000000000001e-02   3.1419999999999998e-03
   3.1900120000000012e+00   3.2724999999999997e-02   3.1419999999999998e-03
   3.1950120000000002e+00   3.4907000000000001e-02   3.1419999999999998e-03
   3.2000120000000010e+00   3.5997000000000001e-02   3.1419999999999998e-03
   3.2050120000000000e+00   3.8178999999999998e-02   3.1419999999999998e-03
   3.2100120000000008e+00   4.0361000000000001e-02   3.1419999999999998e-03
   3.2150119999999998e+00   4.1452000000000003e-02   3.1419999999999998e-03
   3.2200120000000005e+00   4.3632999999999998e-02   3.1419999999999998e-03
   3.2250119999999995e+00   4.4724000000000000e-02   3.1419999999999998e-03
   3.2300120000000003e+00   4.5815000000000002e-02   3.1419999999999998e-03
   3.2350220000000007e+00   4.7996999999999998e-02   3.1419999999999998e-03
   3.2400120000000001e+00   4.9086999999999999e-02   3.1419999999999998e-03
   3.2450220000000005e+00   5.0178000000000000e-02   3.1419999999999998e-03
   3.2500119999999999e+00   5.1269000000000002e-02   3.1419999999999998e-03
   3.2550220000000003e+00   5.2359999999999997e-02   3.1419999999999998e-03
   3.2600119999999997e+00   5.3450999999999999e-02   3.1419999999999998e-03
   3.2650220000000001e+00   5.4542000000000000e-02   3.1419999999999998e-03
   3.2700119999999995e+00   5.4542000000000000e-02   3.1419999999999998e-03
   3.2750219999999999e+00   5.5632000000000001e-02   3.1419999999999998e-03
   3.2800120000000010e+00   5.6723000000000003e-02   3.1419999999999998e-03
   3.2850120000000000e+00   5.6723000000000003e-02   3.1419999999999998e-03
   3.2900120000000008e+00   5.6723000000000003e-02   3.1419999999999998e-03
   3.2950119999999998e+00   5.7813999999999997e-02   3.1419999999999998e-03
   3.3000120000000006e+00   5.7813999999999997e-02   3.1419999999999998e-03
   3.3050119999999996e+00   5.7813999999999997e-02   3.1419999999999998e-03
   3.3100120000000004e+00   5.7813999999999997e-02   3.1419999999999998e-03
   3.3150120000000012e+00   5.7813999999999997e-02   3.1419999999999998e-03
   3.3200120000000002e+00   5.7813999999999997e-02   3.1419999999999998e-03
   3.3250120000000010e+00   5.7813999999999997e-02   3.1419999999999998e-03
   3.3300120000000000e+00   5.7813999999999997e-02   3.1419999999999998e-03
   3.3350220000000004e+00   5.6723000000000003e-02   3.1419999999999998e-03
   3.3400119999999998e+00   5.6723000000000003e-02   3.1419999999999998e-03
   3.3450220000000002e+00   5.6723000000000003e-02   3.1419999999999998e-03
   3.3500119999999995e+00   5.5632000000000001e-02   3.1419999999999998e-03
   3.3550219999999999e+00   5.4542000000000000e-02   3.1419999999999998e-03
   3.3600120000000011e+00   5.4542000000000000e-02   3.1419999999999998e-03
   3.3650219999999997e+00   5.3450999999999999e-02   3.1419999999999998e-03
   3.3700120000000009e+00   5.2359999999999997e-02   3.1419999999999998e-03
   3.3750219999999995e+00   5.1269000000000002e-02   3.1419999999999998e-03
   3.3800120000000007e+00   5.0178000000000000e-02   3.1419999999999998e-03
   3.3850220000000011e+00   5.0178000000000000e-02   3.1419999999999998e-03
   3.3900120000000005e+00   4.9086999999999999e-02   3.1419999999999998e-03
   3.3950220000000009e+00   4.7996999999999998e-02   3.1419999999999998e-03
   3.4000120000000003e+00   4.5815000000000002e-02   3.1419999999999998e-03
   3.4050220000000007e+00   4.4724000000000000e-02   3.1419999999999998e-03
   3.4100120000000000e+00   4.3632999999999998e-02   3.1419999999999998e-03
   3.4150220000000004e+00   4.2542000000000003e-02   3.1419999999999998e-03
   3.4200119999999998e+00   4.1452000000000003e-02   3.1419999999999998e-03
   3.4250120000000006e+00   3.9269999999999999e-02   3.1419999999999998e-03
   3.4300119999999996e+00   3.8178999999999998e-02   3.1419999999999998e-03
   3.4350120000000004e+00   3.7088000000000003e-02   3.1419999999999998e-03
   3.4400120000000012e+00   3.4907000000000001e-02   3.1419999999999998e-03
   3.4450219999999998e+00   3.2724999999999997e-02   3.1419999999999998e-03
   3.4500120000000010e+00   3.1634000000000002e-02   3.1419999999999998e-03
   3.4550219999999996e+00   3.0543000000000001e-02   3.1419999999999998e-03
   3.4600120000000008e+00   2.8361999999999998e-02   3.1419999999999998e-03
   3.4650119999999998e+00   2.6179999999999998e-02   3.1419999999999998e-03
   3.4700120000000005e+00   2.5089000000000000e-02   3.1419999999999998e-03
   3.4750220000000009e+00   2.2907000000000000e-02   3.1419999999999998e-03
   3.4800120000000003e+00   2.0726000000000001e-02   3.1419999999999998e-03
   3.4850220000000007e+00   1.9635000000000000e-02   3.1419999999999998e-03
   3.4900120000000001e+00   1.7453000000000000e-02   3.1419999999999998e-03
   3.4950220000000005e+00   1.5272000000000001e-02   3.1419999999999998e-03
   3.5000119999999999e+00   1.4180999999999999e-02   3.1419999999999998e-03
   3.5050220000000003e+00   1.1998999999999999e-02   3.1419999999999998e-03
   3.5100119999999997e+00   9.8169999999999993e-03   3.1419999999999998e-03
   3.5150220000000001e+00   7.6360000000000004e-03   3.1419999999999998e-03
   3.5200220000000009e+00   6.5449999999999996e-03   3.1419999999999998e-03
   3.5250219999999999e+00   4.3629999999999997e-03   3.1419999999999998e-03
   3.5300120000000010e+00   2.1819999999999999e-03   3.1419999999999998e-03
   3.5350219999999997e+00  -0.0000000000000000e+00   3.1419999999999998e-03
   3.5400120000000008e+00  -1.0910000000000000e-03   3.1419999999999998e-03
   3.5450219999999995e+00  -3.2720000000000002e-03   3.1419999999999998e-03
   3.5500120000000006e+00  -5.4539999999999996e-03   3.1419999999999998e-03
   3.5550220000000010e+00  -6.5449999999999996e-03   3.1419999999999998e-03
   3.5600120000000004e+00  -8.7270000000000004e-03   3.1419999999999998e-03
   3.5650220000000008e+00  -1.0907999999999999e-02   3.1419999999999998e-03
   3.5700120000000002e+00  -1.1998999999999999e-02   3.1419999999999998e-03
   3.5750220000000006e+00  -1.4180999999999999e-02   3.1419999999999998e-03
   3.5800120000000000e+00  -1.5272000000000001e-02   3.1419999999999998e-03
   3.5850220000000004e+00  -1.7453000000000000e-02   3.1419999999999998e-03
   3.5900220000000012e+00  -1.8544000000000001e-02   3.1419999999999998e-03
   3.5950220000000002e+00  -1.9635000000000000e-02   3.1419999999999998e-03
   3.6000119999999995e+00  -2.1817000000000000e-02   3.1419999999999998e-03
   3.6050219999999999e+00  -2.2907000000000000e-02   3.1419999999999998e-03
   3.6100120000000011e+00  -2.3997999999999998e-02   3.1419999999999998e-03
   3.6150219999999997e+00  -2.5089000000000000e-02   3.1419999999999998e-03
   3.6200120000000009e+00  -2.6179999999999998e-02   3.1419999999999998e-03
   3.6250219999999995e+00  -2.8361999999999998e-02   3.1419999999999998e-03
   3.6300120000000007e+00  -2.8361999999999998e-02   3.1419999999999998e-03
   3.6350220000000011e+00  -2.9451999999999999e-02   3.1419999999999998e-03
   3.6400220000000001e+00  -3.0543000000000001e-02   3.1419999999999998e-03
   3.6450220000000009e+00  -3.1634000000000002e-02   3.1419999999999998e-03
   3.6500120000000003e+00  -3.2724999999999997e-02   3.1419999999999998e-03
   3.6550220000000007e+00  -3.3815999999999999e-02   3.1419999999999998e-03
   3.6600120000000000e+00  -3.3815999999999999e-02   3.1419999999999998e-03
   3.6650220000000004e+00  -3.4907000000000001e-02   3.1419999999999998e-03
   3.6700119999999998e+00  -3.5997000000000001e-02   3.1419999999999998e-03
   3.6750220000000002e+00  -3.5997000000000001e-02   3.1419999999999998e-03
   3.6800220000000010e+00  -3.7088000000000003e-02   3.1419999999999998e-03
   3.6850220000000000e+00  -3.7088000000000003e-02   3.1419999999999998e-03
   3.6900120000000012e+00  -3.7088000000000003e-02   3.1419999999999998e-03
   3.6950219999999998e+00  -3.7088000000000003e-02   3.1419999999999998e-03
   3.7000120000000010e+00  -3.8178999999999998e-02   3.1419999999999998e-03
   3.7050219999999996e+00  -3.8178999999999998e-02   3.1419999999999998e-03
   3.7100120000000008e+00  -3.8178999999999998e-02   3.1419999999999998e-03
   3.7150220000000012e+00  -3.8178999999999998e-02   3.1419999999999998e-03
   3.7200220000000002e+00  -3.8178999999999998e-02   3.1419999999999998e-03
   3.7250220000000009e+00  -3.8178999999999998e-02   3.1419999999999998e-03
   3.7300219999999999e+00  -3.8178999999999998e-02   3.1419999999999998e-03
   3.7350220000000007e+00  -3.7088000000000003e-02   3.1419999999999998e-03
   3.7400120000000001e+00  -3.7088000000000003e-02   3.1419999999999998e-03
   3.7450220000000005e+00  -3.7088000000000003e-02   3.1419999999999998e-03
   3.7500219999999995e+00  -3.5997000000000001e-02   3.1419999999999998e-03
   3.7550220000000003e+00  -3.5997000000000001e-02   3.1419999999999998e-03
   3.7600220000000011e+00  -3.5997000000000001e-02   3.1419999999999998e-03
   3.7650220000000001e+00  -3.4907000000000001e-02   3.1419999999999998e-03
   3.7700220000000009e+00  -3.3815999999999999e-02   3.1419999999999998e-03
   3.7750219999999999e+00  -3.3815999999999999e-02   3.1419999999999998e-03
   3.7800220000000007e+00  -3.2724999999999997e-02   3.1419999999999998e-03
   3.7850219999999997e+00  -3.2724999999999997e-02   3.1419999999999998e-03
   3.7900220000000004e+00  -3.1634000000000002e-02   3.1419999999999998e-03
   3.7950219999999995e+00  -3.0543000000000001e-02   3.1419999999999998e-03
   3.8000220000000002e+00  -2.9451999999999999e-02   3.1419999999999998e-03
   3.8050220000000010e+00  -2.8361999999999998e-02   3.1419999999999998e-03
   3.8100220000000000e+00  -2.8361999999999998e-02   3.1419999999999998e-03
   3.8150220000000008e+00  -2.7271000000000000e-02   3.1419999999999998e-03
   3.8200219999999998e+00  -2.6179999999999998e-02   3.1419999999999998e-03
   3.8250220000000006e+00  -2.5089000000000000e-02   3.1419999999999998e-03
   3.8300219999999996e+00  -2.3997999999999998e-02   3.1419999999999998e-03
   3.8350220000000004e+00  -2.2907000000000000e-02   3.1419999999999998e-03
   3.8400220000000012e+00  -2.1817000000000000e-02   3.1419999999999998e-03
   3.8450220000000002e+00  -2.0726000000000001e-02   3.1419999999999998e-03
   3.8500220000000009e+00  -1.9635000000000000e-02   3.1419999999999998e-03
   3.8550219999999999e+00  -1.8544000000000001e-02   3.1419999999999998e-03
   3.8600220000000007e+00  -1.7453000000000000e-02   3.1419999999999998e-03
   3.8650219999999997e+00  -1.6362000000000002e-02   3.1419999999999998e-03
   3.8700220000000005e+00  -1.5272000000000001e-02   3.1419999999999998e-03
   3.8750219999999995e+00  -1.3089999999999999e-02   3.1419999999999998e-03
   3.8800220000000003e+00  -1.1998999999999999e-02   3.1419999999999998e-03
   3.8850220000000011e+00  -1.0907999999999999e-02   3.1419999999999998e-03
   3.8900220000000001e+00  -9.8169999999999993e-03   3.1419999999999998e-03
   3.8950220000000009e+00  -8.7270000000000004e-03   3.1419999999999998e-03
   3.9000219999999999e+00  -6.5449999999999996e-03   3.1419999999999998e-03
   3.9050220000000007e+00  -5.4539999999999996e-03   3.1419999999999998e-03
   3.9100219999999997e+00  -4.3629999999999997e-03   3.1419999999999998e-03
   3.9150220000000004e+00  -3.2720000000000002e-03   3.1419999999999998e-03
   3.9200219999999995e+00  -2.1819999999999999e-03   3.1419999999999998e-03
   3.9250220000000002e+00  -1.0910000000000000e-03   3.1419999999999998e-03
   3.9300220000000010e+00  -0.0000000000000000e+00   3.1419999999999998e-03
   3.9350220000000000e+00   2.1819999999999999e-03   3.1419999999999998e-03
   3.9400220000000008e+00   2.1819999999999999e-03   3.1419999999999998e-03
   3.9450219999999998e+00   4.3629999999999997e-03   3.1419999999999998e-03
   3.9500220000000006e+00   5.4539999999999996e-03   3.1419999999999998e-03
   3.9550219999999996e+00   6.5449999999999996e-03   3.1419999999999998e-03
   3.9600220000000004e+00   7.6360000000000004e-03   3.1419999999999998e-03
   3.9650220000000012e+00   8.7270000000000004e-03   3.1419999999999998e-03
   3.9700220000000002e+00   9.8169999999999993e-03   3.1419999999999998e-03
   3.9750220000000009e+00   1.0907999999999999e-02   3.1419999999999998e-03
   3.9800219999999999e+00   1.0907999999999999e-02   3.1419999999999998e-03
   3.9850220000000007e+00   1.1998999999999999e-02   3.1419999999999998e-03
   3.9900219999999997e+00   1.3089999999999999e-02   3.1419999999999998e-03
   3.9950220000000005e+00   1.4180999999999999e-02   3.1419999999999998e-03
   4.0000219999999995e+00   1.5272000000000001e-02   3.1419999999999998e-03
   4.0050220000000003e+00   1.5272000000000001e-02   3.1419999999999998e-03
   4.0100220000000011e+00   1.6362000000000002e-02   3.1419999999999998e-03
   4.0150220000000001e+00   1.7453000000000000e-02   3.1419999999999998e-03
   4.0200220000000009e+00   1.7453000000000000e-02   3.1419999999999998e-03
   4.0250219999999999e+00   1.8544000000000001e-02   3.1419999999999998e-03
   4.0300220000000007e+00   1.9635000000000000e-02   3.1419999999999998e-03
   4.0350219999999997e+00   1.9635000000000000e-02   3.1419999999999998e-03
   4.0400220000000004e+00   2.0726000000000001e-02   3.1419999999999998e-03
   4.0450219999999995e+00   2.0726000000000001e-02   3.1419999999999998e-03
   4.0500220000000002e+00   2.0726000000000001e-02   3.1419999999999998e-03
   4.0550220000000010e+00   2.1817000000000000e-02   3.1419999999999998e-03
   4.0600220000000000e+00   2.1817000000000000e-02   3.1419999999999998e-03
   4.0650220000000008e+00   2.1817000000000000e-02   3.1419999999999998e-03
   4.0700219999999998e+00   2.2907000000000000e-02   3.1419999999999998e-03
   4.0750220000000006e+00   2.2907000000000000e-02   3.1419999999999998e-03
   4.0800219999999996e+00   2.2907000000000000e-02   3.1419999999999998e-03
   4.0850220000000004e+00   2.2907000000000000e-02   3.1419999999999998e-03
   4.0900220000000012e+00   2.2907000000000000e-02   3.1419999999999998e-03
   4.0950220000000002e+00   2.2907000000000000e-02   3.1419999999999998e-03
   4.1000220000000009e+00   2.2907000000000000e-02   3.1419999999999998e-03
   4.1050219999999999e+00   2.2907000000000000e-02   3.1419999999999998e-03
   4.1100220000000007e+00   2.2907000000000000e-02   3.1419999999999998e-03
   4.1150219999999997e+00   2.2907000000000000e-02   3.1419999999999998e-03
   4.1200220000000005e+00   2.2907000000000000e-02   3.1419999999999998e-03
   4.1250219999999995e+00   2.1817000000000000e-02   3.1419999999999998e-03
   4.1300220000000003e+00   2.1817000000000000e-02   3.1419999999999998e-03
   4.1350220000000011e+00   2.1817000000000000e-02   3.1419999999999998e-03
   4.1400220000000001e+00   2.1817000000000000e-02   3.1419999999999998e-03
   4.1450220000000009e+00   2.1817000000000000e-02   3.1419999999999998e-03
   4.1500219999999999e+00   2.0726000000000001e-02   3.1419999999999998e-03
   4.1550220000000007e+00   2.0726000000000001e-02   3.1419999999999998e-03
   4.1600219999999997e+00   1.9635000000000000e-02   3.1419999999999998e-03
   4.1650220000000004e+00   1.9635000000000000e-02   3.1419999999999998e-03
   4.1700219999999995e+00   1.9635000000000000e-02   3.1419999999999998e-03
   4.1750220000000002e+00   1.8544000000000001e-02   3.1419999999999998e-03
   4.1800220000000010e+00   1.8544000000000001e-02   3.1419999999999998e-03
   4.1850220000000000e+00   1.7453000000000000e-02   3.1419999999999998e-03
   4.1900220000000008e+00   1.7453000000000000e-02   3.1419999999999998e-03
   4.1950219999999998e+00   1.6362000000000002e-02   3.1419999999999998e-03
   4.2000220000000006e+00   1.5272000000000001e-02   3.1419999999999998e-03
   4.2050219999999996e+00   1.5272000000000001e-02   3.1419999999999998e-03
   4.2100220000000004e+00   1.4180999999999999e-02   3.1419999999999998e-03
   4.2150220000000012e+00   1.4180999999999999e-02   3.1419999999999998e-03
   4.2200220000000002e+00   1.3089999999999999e-02   3.1419999999999998e-03
   4.2250220000000009e+00   1.1998999999999999e-02   3.1419999999999998e-03
   4.2300219999999999e+00   1.1998999999999999e-02   3.1419999999999998e-03
   4.2350220000000007e+00   1.0907999999999999e-02   3.1419999999999998e-03
   4.2400219999999997e+00   1.0907999999999999e-02   3.1419999999999998e-03
   4.2450220000000005e+00   9.8169999999999993e-03   3.1419999999999998e-03
   4.2500219999999995e+00   8.7270000000000004e-03   3.1419999999999998e-03
   4.2550220000000003e+00   8.7270000000000004e-03   3.1419999999999998e-03
   4.2600220000000011e+00   7.6360000000000004e-03   3.1419999999999998e-03
   4.2650220000000001e+00   6.5449999999999996e-03   3.1419999999999998e-03
   4.2700220000000009e+00   6.5449999999999996e-03   3.1419999999999998e-03
   4.2750219999999999e+00   5.4539999999999996e-03   3.1419999999999998e-03
   4.2800220000000007e+00   4.3629999999999997e-03   3.1419999999999998e-03
   4.2850219999999997e+00   3.2720000000000002e-03   3.1419999999999998e-03
   4.2900220000000004e+00   3.2720000000000002e-03   3.1419999999999998e-03
   4.2950219999999995e+00   2.1819999999999999e-03   3.1419999999999998e-03
   4.3000220000000002e+00   2.1819999999999999e-03   3.1419999999999998e-03
   4.3050220000000010e+00   1.0910000000000000e-03   3.1419999999999998e-03
   4.3100220000000000e+00  -0.0000000000000000e+00   3.1419999999999998e-03
   4.3150220000000008e+00  -0.0000000000000000e+00   3.1419999999999998e-03
   4.3200219999999998e+00  -1.0910000000000000e-03   3.1419999999999998e-03
   4.3250220000000006e+00  -2.1819999999999999e-03   3.1419999999999998e-03
   4.3300219999999996e+00  -2.1819999999999999e-03   3.1419999999999998e-03
   4.3350320000000000e+00  -3.2720000000000002e-03   3.1419999999999998e-03
   4.3400220000000012e+00  -3.2720000000000002e-03   3.1419999999999998e-03
   4.3450319999999998e+00  -4.3629999999999997e-03   3.1419999999999998e-03
   4.3500220000000009e+00  -4.3629999999999997e-03   3.1419999999999998e-03
   4.3550219999999999e+00  -5.4539999999999996e-03   3.1419999999999998e-03
   4.3600220000000007e+00  -5.4539999999999996e-03   3.1419999999999998e-03
   4.3650219999999997e+00  -6.5449999999999996e-03   3.1419999999999998e-03
   4.3700220000000005e+00  -6.5449999999999996e-03   3.1419999999999998e-03
   4.3750320000000009e+00  -6.5449999999999996e-03   3.1419999999999998e-03
   4.3800220000000003e+00  -7.6360000000000004e-03   3.1419999999999998e-03
   4.3850220000000011e+00  -7.6360000000000004e-03   3.1419999999999998e-03
   4.3900220000000001e+00  -8.7270000000000004e-03   3.1419999999999998e-03
   4.3950320000000005e+00  -8.7270000000000004e-03   3.1419999999999998e-03
   4.4000219999999999e+00  -8.7270000000000004e-03   3.1419999999999998e-03
   4.4050220000000007e+00  -8.7270000000000004e-03   3.1419999999999998e-03
   4.4100219999999997e+00  -9.8169999999999993e-03   3.1419999999999998e-03
   4.4150220000000004e+00  -9.8169999999999993e-03   3.1419999999999998e-03
   4.4200219999999995e+00  -9.8169999999999993e-03   3.1419999999999998e-03
   4.4250319999999999e+00  -9.8169999999999993e-03   3.1419999999999998e-03
   4.4300220000000010e+00  -9.8169999999999993e-03   3.1419999999999998e-03
   4.4350220000000000e+00  -9.8169999999999993e-03   3.1419999999999998e-03
   4.4400220000000008e+00  -1.0907999999999999e-02   3.1419999999999998e-03
   4.4450319999999994e+00  -1.0907999999999999e-02   3.1419999999999998e-03
   4.4500220000000006e+00  -1.0907999999999999e-02   3.1419999999999998e-03
   4.4550320000000010e+00  -1.0907999999999999e-02   3.1419999999999998e-03
   4.4600220000000004e+00  -1.0907999999999999e-02   3.1419999999999998e-03
   4.4650320000000008e+00  -1.0907999999999999e-02   3.1419999999999998e-03
   4.4700220000000002e+00  -1.0907999999999999e-02   3.1419999999999998e-03
   4.4750220000000009e+00  -1.0907999999999999e-02   3.1419999999999998e-03
   4.4800219999999999e+00  -1.0907999999999999e-02   3.1419999999999998e-03
   4.4850320000000004e+00  -1.0907999999999999e-02   3.1419999999999998e-03
   4.4900219999999997e+00  -9.8169999999999993e-03   3.1419999999999998e-03
   4.4950220000000005e+00  -9.8169999999999993e-03   3.1419999999999998e-03
   4.5000219999999995e+00  -9.8169999999999993e-03   3.1419999999999998e-03
   4.5050319999999999e+00  -9.8169999999999993e-03   3.1419999999999998e-03
   4.5100220000000011e+00  -9.8169999999999993e-03   3.1419999999999998e-03
   4.5150220000000001e+00  -9.8169999999999993e-03   3.1419999999999998e-03
   4.5200220000000009e+00  -8.7270000000000004e-03   3.1419999999999998e-03
   4.5250219999999999e+00  -8.7270000000000004e-03   3.1419999999999998e-03
   4.5300220000000007e+00  -8.7270000000000004e-03   3.1419999999999998e-03
   4.5350320000000011e+00  -8.7270000000000004e-03   3.1419999999999998e-03
   4.5400220000000004e+00  -8.7270000000000004e-03   3.1419999999999998e-03
   4.5450320000000008e+00  -7.6360000000000004e-03   3.1419999999999998e-03
   4.5500220000000002e+00  -7.6360000000000004e-03   3.1419999999999998e-03
   4.5550320000000006e+00  -7.6360000000000004e-03   3.1419999999999998e-03
   4.5600220000000000e+00  -7.6360000000000004e-03   3.1419999999999998e-03
   4.5650320000000004e+00  -7.6360000000000004e-03   3.1419999999999998e-03
   4.5700219999999998e+00  -6.5449999999999996e-03   3.1419999999999998e-03
   4.5750320000000002e+00  -6.5449999999999996e-03   3.1419999999999998e-03
   4.5800219999999996e+00  -6.5449999999999996e-03   3.1419999999999998e-03
   4.5850220000000004e+00  -6.5449999999999996e-03   3.1419999999999998e-03
   4.5900220000000012e+00  -5.4539999999999996e-03   3.1419999999999998e-03
   4.5950319999999998e+00  -5.4539999999999996e-03   3.1419999999999998e-03
   4.6000220000000009e+00  -5.4539999999999996e-03   3.1419999999999998e-03
   4.6050219999999999e+00  -5.4539999999999996e-03   3.1419999999999998e-03
   4.6100220000000007e+00  -4.3629999999999997e-03   3.1419999999999998e-03
   4.6150219999999997e+00  -4.3629999999999997e-03   3.1419999999999998e-03
   4.6200220000000005e+00  -4.3629999999999997e-03   3.1419999999999998e-03
   4.6250320000000009e+00  -4.3629999999999997e-03   3.1419999999999998e-03
   4.6300220000000003e+00  -3.2720000000000002e-03   3.1419999999999998e-03
   4.6350320000000007e+00  -3.2720000000000002e-03   3.1419999999999998e-03
   4.6400220000000001e+00  -3.2720000000000002e-03   3.1419999999999998e-03
   4.6450320000000005e+00  -3.2720000000000002e-03   3.1419999999999998e-03
   4.6500219999999999e+00  -2.1819999999999999e-03   3.1419999999999998e-03
   4.6550320000000003e+00  -2.1819999999999999e-03   3.1419999999999998e-03
   4.6600219999999997e+00  -2.1819999999999999e-03   3.1419999999999998e-03
   4.6650220000000004e+00  -2.1819999999999999e-03   3.1419999999999998e-03
   4.6700219999999995e+00  -1.0910000000000000e-03   3.1419999999999998e-03
   4.6750319999999999e+00  -1.0910000000000000e-03   3.1419999999999998e-03
   4.6800220000000010e+00  -1.0910000000000000e-03   3.1419999999999998e-03
   4.6850319999999996e+00  -1.0910000000000000e-03   3.1419999999999998e-03
   4.6900220000000008e+00  -0.0000000000000000e+00   3.1419999999999998e-03
   4.6950219999999998e+00  -0.0000000000000000e+00   3.1419999999999998e-03
   4.7000220000000006e+00  -0.0000000000000000e+00   3.1419999999999998e-03
   4.7050320000000010e+00  -0.0000000000000000e+00   3.1419999999999998e-03
   4.7100220000000004e+00  -0.0000000000000000e+00   3.1419999999999998e-03
   4.7150220000000012e+00   1.0910000000000000e-03   3.1419999999999998e-03
   4.7200220000000002e+00   1.0910000000000000e-03   3.1419999999999998e-03
   4.7250320000000006e+00   1.0910000000000000e-03   3.1419999999999998e-03
   4.7300219999999999e+00   1.0910000000000000e-03   3.1419999999999998e-03
   4.7350320000000004e+00   1.0910000000000000e-03   3.1419999999999998e-03
   4.7400219999999997e+00   2.1819999999999999e-03   3.1419999999999998e-03
   4.7450320000000001e+00   2.1819999999999999e-03   3.1419999999999998e-03
   4.7500219999999995e+00   2.1819999999999999e-03   3.1419999999999998e-03
   4.7550319999999999e+00   2.1819999999999999e-03   3.1419999999999998e-03
   4.7600220000000011e+00   2.1819999999999999e-03   3.1419999999999998e-03
   4.7650319999999997e+00   2.1819999999999999e-03   3.1419999999999998e-03
   4.7700220000000009e+00   2.1819999999999999e-03   3.1419999999999998e-03
   4.7750319999999995e+00   2.1819999999999999e-03   3.1419999999999998e-03
   4.7800220000000007e+00   2.1819999999999999e-03   3.1419999999999998e-03
   4.7850320000000011e+00   3.2720000000000002e-03   3.1419999999999998e-03
   4.7900220000000004e+00   3.2720000000000002e-03   3.1419999999999998e-03
   4.7950320000000008e+00   3.2720000000000002e-03   3.1419999999999998e-03
   4.8000220000000002e+00   3.2720000000000002e-03   3.1419999999999998e-03
   4.8050320000000006e+00   3.2720000000000002e-03   3.1419999999999998e-03
   4.8100220000000000e+00   3.2720000000000002e-03   3.1419999999999998e-03
   4.8150220000000008e+00   3.2720000000000002e-03   3.1419999999999998e-03
   4.8200219999999998e+00   3.2720000000000002e-03   3.1419999999999998e-03
   4.8250320000000002e+00   3.2720000000000002e-03   3.1419999999999998e-03
   4.8300219999999996e+00   3.2720000000000002e-03   3.1419999999999998e-03
   4.8350220000000004e+00   3.2720000000000002e-03   3.1419999999999998e-03
   4.8400220000000012e+00   3.2720000000000002e-03   3.1419999999999998e-03
   4.8450319999999998e+00   3.2720000000000002e-03   3.1419999999999998e-03
   4.8500220000000009e+00   3.2720000000000002e-03   3.1419999999999998e-03
   4.8550319999999996e+00   3.2720000000000002e-03   3.1419999999999998e-03
   4.8600220000000007e+00   3.2720000000000002e-03   3.1419999999999998e-03
   4.8650320000000011e+00   3.2720000000000002e-03   3.1419999999999998e-03
   4.8700220000000005e+00   3.2720000000000002e-03   3.1419999999999998e-03
   4.8750320000000009e+00   2.1819999999999999e-03   3.1419999999999998e-03
   4.8800220000000003e+00   2.1819999999999999e-03   3.1419999999999998e-03
   4.8850320000000007e+00   2.1819999999999999e-03   3.1419999999999998e-03
   4.8900220000000001e+00   2.1819999999999999e-03   3.1419999999999998e-03
   4.8950320000000005e+00   2.1819999999999999e-03   3.1419999999999998e-03
   4.9000219999999999e+00   2.1819999999999999e-03   3.1419999999999998e-03
   4.9050220000000007e+00   2.1819999999999999e-03   3.1419999999999998e-03
   4.9100219999999997e+00   2.1819999999999999e-03   3.1419999999999998e-03
   4.9150220000000004e+00   2.1819999999999999e-03   3.1419999999999998e-03
   4.9200219999999995e+00   2.1819999999999999e-03   3.1419999999999998e-03
   4.9250319999999999e+00   2.1819999999999999e-03   3.1419999999999998e-03
   4.9300220000000010e+00   2.1819999999999999e-03   3.1419999999999998e-03
   4.9350319999999996e+00   2.1819999999999999e-03   3.1419999999999998e-03
   4.9400220000000008e+00   2.1819999999999999e-03   3.1419999999999998e-03
   4.9450219999999998e+00   2.1819999999999999e-03   3.1419999999999998e-03
   4.9500220000000006e+00   2.1819999999999999e-03   3.1419999999999998e-03
   4.9550219999999996e+00   2.1819999999999999e-03   3.1419999999999998e-03
   4.9600220000000004e+00   2.1819999999999999e-03   3.1419999999999998e-03
   4.9650220000000012e+00   2.1819999999999999e-03   3.1419999999999998e-03
   4.9700220000000002e+00   2.1819999999999999e-03   3.1419999999999998e-03
   4.9750320000000006e+00   2.1819999999999999e-03   3.1419999999999998e-03
   4.9800219999999999e+00   2.1819999999999999e-03   3.1419999999999998e-03
   4.9850320000000004e+00   2.1819999999999999e-03   3.1419999999999998e-03
   4.9900219999999997e+00   2.1819999999999999e-03   3.1419999999999998e-03
   4.9950320000000001e+00   2.1819999999999999e-03   3.1419999999999998e-03
   5.0000219999999995e+00   1.0910000000000000e-03   3.1419999999999998e-03
   5.0050220000000003e+00   1.0910000000000000e-03   3.1419999999999998e-03
   5.0100220000000011e+00   1.0910000000000000e-03   3.1419999999999998e-03
   5.0150220000000001e+00   1.0910000000000000e-03   3.1419999999999998e-03
   5.0200220000000009e+00   1.0910000000000000e-03   3.1419999999999998e-03
   5.0250319999999995e+00   1.0910000000000000e-03   3.1419999999999998e-03
   5.0300220000000007e+00   1.0910000000000000e-03   3.1419999999999998e-03
   5.0350219999999997e+00   1.0910000000000000e-03   3.1419999999999998e-03
   5.0400220000000004e+00   1.0910000000000000e-03   3.1419999999999998e-03
   5.0450320000000008e+00   1.0910000000000000e-03   3.1419999999999998e-03
   5.0500220000000002e+00   1.0910000000000000e-03   3.1419999999999998e-03
   5.0550320000000006e+00   1.0910000000000000e-03   3.1419999999999998e-03
   5.0600220000000000e+00   1.0910000000000000e-03   3.1419999999999998e-03
   5.0650220000000008e+00   1.0910000000000000e-03   3.1419999999999998e-03
   5.0700219999999998e+00   1.0910000000000000e-03   3.1419999999999998e-03
   5.0750320000000002e+00   1.0910000000000000e-03   3.1419999999999998e-03
   5.0800219999999996e+00   1.0910000000000000e-03   3.1419999999999998e-03
   5.0850220000000004e+00   1.0910000000000000e-03   3.1419999999999998e-03
   5.0900220000000012e+00   1.0910000000000000e-03   3.1419999999999998e-03
   5.0950319999999998e+00   1.0910000000000000e-03   3.1419999999999998e-03
   5.1000220000000009e+00   1.0910000000000000e-03   3.1419999999999998e-03
   5.1050319999999996e+00   1.0910000000000000e-03   3.1419999999999998e-03
   5.1100220000000007e+00   1.0910000000000000e-03   3.1419999999999998e-03
   5.1150219999999997e+00   1.0910000000000000e-03   3.1419999999999998e-03
   5.1200220000000005e+00   1.0910000000000000e-03   3.1419999999999998e-03
   5.1250320000000009e+00   1.0910000000000000e-03   3.1419999999999998e-03
   5.1300220000000003e+00   1.0910000000000000e-03   3.1419999999999998e-03
   5.1350320000000007e+00   1.0910000000000000e-03   3.1419999999999998e-03
   5.1400220000000001e+00   1.0910000000000000e-03   3.1419999999999998e-03
   5.1450320000000005e+00   1.0910000000000000e-03   3.1419999999999998e-03
   5.1500219999999999e+00   1.0910000000000000e-03   3.1419999999999998e-03
   5.1550320000000003e+00   1.0910000000000000e-03   3.1419999999999998e-03
   5.1600219999999997e+00   1.0910000000000000e-03   3.1419999999999998e-03
   5.1650320000000001e+00   1.0910000000000000e-03   3.1419999999999998e-03
   5.1700219999999995e+00   1.0910000000000000e-03   3.1419999999999998e-03
   5.1750319999999999e+00   1.0910000000000000e-03   3.1419999999999998e-03
   5.1800220000000010e+00   1.0910000000000000e-03   3.1419999999999998e-03
   5.1850220000000000e+00   1.0910000000000000e-03   3.1419999999999998e-03
   5.1900220000000008e+00   1.0910000000000000e-03   3.1419999999999998e-03
   5.1950319999999994e+00   1.0910000000000000e-03   3.1419999999999998e-03
   5.2000220000000006e+00   1.0910000000000000e-03   3.1419999999999998e-03
   5.2050219999999996e+00   1.0910000000000000e-03   3.1419999999999998e-03
